9701 18987 56928 90911 66435 42661 79687 27956 38680 6601 52180 35219 
35224 12268 45728 44013 3331 80658 86117 18758 85589 38454 46992 50572 
73664 74270 82746 39070 5289 79045 78574 73555 37063 58645 67524 61151 
5095 96850 37042 60574 74453 60355 21907 64813 38022 72207 50646 80711 
97111 97301 6608 2972 8506 92867 31033 67517 2038 29555 80348 18318 
78535 71704 22155 88912 72900 53271 21230 90399 37850 66311 36647 58858 
41097 24219 7606 76222 71326 19823 86885 90610 63095 98283 37160 56253 
74272 41602 30516 87525 9048 31477 14466 9551 7843 30476 7279 29003 
21844 8712 84187 17889 950 87857 90502 10757 45811 16500 2838 8121 
73196 32234 32837 77021 79524 86381 21970 88206 44542 47698 28182 48692 
